20000
20010
176
20015
21409
5674
20017
47
370
65
59
211
374
26174
20030
6977
5348
20035
392
157
20041
153
20043
22168
20058
20064
30020
20066
20068
53383
7019
20077
90
92
137
20089
261
20098
7119
5828
9002
32054
216
20192
20193
282
20196
14382
20201
20204
317
7
194
323
352
20207
11512
20215
20217
357
20222
5225
397
116
7135
7623
20235
20238
20239
430
458
20247
20250
8237
714
20257
475
589
20265
20267
20270
20271
20065
676
20277
20283
20284
7737
6653
20288
20289
540
7506
20299
20303
655
6438
5737
511
20309
559
53296
20315
469
20325
614
7113
32056
644
20330
20331
20340
20342
20344
20345
574
6058
20350
678
21814
12517
6702
20357
20363
5286
20370
20371
7721
20374
398
727
20376
6689
841
1222
20384
1015
27521
6262
20392
20397
7636
20398
6515
20404
20408
9117
44168
6992
780
27785
20421
20426
25268
904
5589
20435
20436
20439
892
37489
20440
20442
6760
1103
27849
20448
20450
6304
6996
56830
20462
20463
1035
20468
1071
1033
20470
20473
5935
27456
20203
962
43613
20481
1261
779
20483
20484
5195
6391
20493
1186
9654
20495
12384
54209
21022
20499
4255
1177
20361
52253
20518
5780
33
20523
1072
5169
20531
1100
6413
54593
20537
20538
20541
840
6342
20543
20546
1308
20550
20556
52956
20557
1239
1433
27333
6213
20561
20549
1405
20566
20569
1285
20574
10992
1263
20582
29244
20584
20585
20587
8762
1354
53264
20592
1344
20594
5614
43919
43682
1260
20596
20597
56027
1367
5957
13401
1418
20608
39133
1425
7062
6593
27382
20616
20622
32019
20626
1451
1467
1477
1507
1513
7722
26254
20643
1519
1539
1543
6748
54961
20653
6863
6252
1557
20659
20662
1577
1582
20666
20672
1606
1610
7232
4609
9028
7518
20678
20681
20684
20685
1632
20693
1685
20695
20697
1847
20698
22856
20699
1783
1741
1620
1658
8674
1689
1788
1645
1856
20723
20733
20735
20736
1768
20743
41367
20745
41080
5152
20750
1852
1688
6407
1686
1824
1693
1868
20773
7094
20782
1892
20786
1912
20791
20792
20793
20798
53687
20799
53554
21548
20805
5242
20807
3641
6080
20819
5929
20832
20834
20836
34684
2002
2004
20841
1908
20844
10279
6520
27374
20851
45286
2017
2072
20866
20868
20875
2183
2208
20883
20884
20887
2088
2089
20890
2238
6616
2105
11011
20897
20898
20900
55296
2116
20902
20906
34736
51423
55584
20908
2130
24567
20913
20915
54672
20922
5085
2191
20932
20938
20939
20942
20867
20945
6606
2093
2235
36557
11963
29629
56019
20964
30265
20965
20968
2293
6560
20977
20978
54985
2366
20981
2367
20982
20987
5925
20990
20991
21265
5184
20994
20654
6785
20997
11041
7029
2427
21011
14268
15468
35031
21018
21019
21791
2551
21028
44118
21029
53667
2577
2488
2502
21033
21035
21041
2519
21045
2527
6093
2498
21055
21057
2573
21068
2552
7459
21072
2615
21080
7013
2600
6784
2612
21090
2636
21092
21095
21097
21102
2664
2648
27454
21105
21110
21111
2706
21113
21121
2709
2728
2736
21125
21130
21132
3083
2847
26268
2767
21795
3031
2775
21157
21158
21161
7177
21167
21168
2784
7337
2801
21175
21177
7301
21179
30521
2825
3074
2809
6077
2850
21185
21188
21189
6883
21193
6121
21194
2881
36370
27321
2913
6959
54891
7065
7103
21201
3048
2949
2971
16277
21205
21206
7093
9480
10827
21219
21230
21236
3091
3102
3104
3151
31832
21245
3213
5253
11980
21255
21256
21258
3236
7184
21259
5651
250
3200
21280
3178
21286
24025
3194
3218
3219
3160
3217
21294
21247
27626
21298
21299
21244
21300
3275
21303
3302
3306
3309
21305
21308
579
21322
4262
3326
3333
3370
21326
3348
21328
21329
5941
21332
3396
3418
21346
55056
3321
21347
51337
22462
21348
6104
3685
21351
3487
21356
34798
5708
21365
3588
3505
21367
3466
21368
6333
21372
21374
3730
55825
21375
21376
21377
3622
54185
21384
21385
21389
3526
21394
21396
21397
21398
21401
21402
21404
21405
3659
3580
44721
21411
21413
30106
26227
54354
26242
21431
3642
21438
5358
21446
21457
21458
21461
21349
3500
5130
3741
5703
6244
5722
5660
6137
21482
3911
3772
3781
21495
3840
37472
10594
6533
21515
26503
31847
21526
21530
7946
7684
21532
3902
3914
21538
21541
6377
4040
4111
21545
4217
21550
21551
21560
21576
11358
4109
26262
21586
21587
38418
34702
21594
21596
21599
4147
21603
4090
40213
21609
21617
4246
4119
21625
4062
21629
4162
2535
4187
4196
21637
21543
4350
21640
4181
4342
21645
4338
7064
6688
6144
21658
4230
21662
4275
21664
21665
4260
21669
4120
4289
4298
6412
54824
4295
21693
21694
4340
21695
21696
21698
4456
4373
4381
4402
7507
6389
4494
21718
21722
21723
5230
4375
31841
21731
23504
21737
21739
21740
21743
21744
4557
6765
21752
4450
53440
21758
6675
21763
21764
4516
4522
21767
4560
5354
21783
7329
55187
4604
26080
4620
21793
21794
4678
4685
6051
21806
21808
21810
4691
3334
4690
7267
4673
7428
36383
4715
4722
21832
21833
54473
7195
21835
13655
4684
21838
4721
4655
4702
5705
21849
5653
4761
5974
21859
13447
4797
7378
6872
4815
4805
21869
4825
21874
21876
4881
21880
21881
21888
21889
21890
21893
21899
21900
29298
4998
4879
4954
4905
21914
21916
4922
21923
5837
6149
21927
4814
55401
21931
4980
21932
21935
27497
21936
5009
21945
5036
5037
27610
21948
21949
5050
5057
6742
7765
20707
54195
54099
6185
42001
7557
7864
362
54658
4163
4818
7914
7869
56130
5908
7969
7936
54136
7752
8028
6522
6779
8037
7992
54230
54370
56013
7411
54310
7978
7801
7786
20837
20505
21224
8087
7257
8048
8045
8049
54444
8125
8135
8120
8284
8254
54954
8299
8317
54205
8185
20842
8377
8418
20881
8340
8372
27739
8431
21430
20381
54158
8441
12457
8508
8461
21242
21169
8526
8458
20373
55965
26255
8476
26048
30030
8278
8565
21854
8596
8170
8549
8551
7850
30036
8600
8598
8668
21037
1933
6617
36949
6473
44602
21798
20469
55559
6267
26251
21407
53305
1629
8760
6905
7976
8527
54259
8702
8786
8820
7343
54183
8811
8743
8360
46428
7980
20974
7556
9522
53444
781
27836
25865
20891
21114
6968
8721
8826
9010
9146
9128
18443
9096
9188
3682
3860
20232
9222
26169
9245
9309
56450
26284
54540
9312
9257
55828
20394
56248
20609
20034
56023
21170
21128
21107
9375
20894
21839
9340
9023
20018
9370
28305
8616
21753
9278
41998
9914
52129
21724
9424
20097
20409
9452
21866
54327
8909
9033
9476
9457
9235
9360
54232
54170
54182
9547
5849
9576
13219
30422
21100
11530
21578
9494
21266
6913
9616
54214
21195
9550
9632
6331
9604
20732
20260
21174
5440
8710
7784
9440
9169
26260
5869
2253
9698
9324
46036
8523
53609
31967
9743
9677
21425
55518
54224
21366
21826
20312
8778
21478
9764
9804
9833
55676
31806
54438
9558
9868
20763
20048
9899
9646
9902
9798
9158
28409
20242
20642
20221
31894
9856
5137
544
912
3363
55131
54374
9977
26127
26128
35222
9971
9848
10020
10022
10042
54213
13311
10059
10065
34710
21995
22124
54229
28392
55064
6281
22096
54202
10070
32066
10110
22075
10147
26129
28344
22807
22037
8292
9882
8727
9053
10107
3624
54217
10108
54227
22095
54309
9857
50732
55759
42291
40153
28754
28826
10238
10224
54831
54866
54216
54231
54287
54336
54307
55599
54271
54268
10256
54296
9847
54351
54396
10210
10270
43793
10288
7999
25260
30388
22113
10253
54318
10358
54870
22122
10359
54286
30985
55776
54368
1940
5
7911
9438
7676
54288
9449
10323
8686
54611
54533
10303
54653
54280
9193
913
9141
9280
7871
8889
8848
6944
10218
54724
1830
54342
8179
7720
54321
54757
9473
10039
54947
9058
7788
54311
54334
7863
3262
3305
7067
10380
11950
4234
9588
8470
5342
8766
5679
8810
9147
2343
53624
55615
9418
6827
54774
6736
10372
10390
29930
8228
5926
9213
4643
5981
53766
7407
54355
54399
14661
54356
16487
54343
54645
53771
53043
54377
54371
55531
54373
54439
16300
54344
54350
55349
54384
54391
54489
8677
55102
54376
54422
54382
54417
15450
14751
55669
56512
10388
54362
14687
54410
54483
54388
54429
34898
54390
52120
55525
54270
54398
18404
54412
54481
54401
54419
54469
54513
54504
16174
8158
54404
54424
54909
54432
54602
46103
9999
54433
54431
8534
54471
54575
54459
51805
54873
54506
54470
54476
54427
54701
54486
54555
56094
54740
44505
56618
54033
56191
29505
56521
54510
11371
54505
7922
54466
54706
8879
55582
54496
54509
54539
54480
16290
56883
11691
54572
56739
56046
54787
54479
54558
56887
16061
54503
54570
54556
55028
54495
54499
54654
54568
9389
10127
54627
54550
54605
54548
50197
54561
54588
55068
54589
54560
54563
54943
54657
54541
55891
54614
54697
11064
54574
54544
54595
55036
10408
15657
682
54598
54601
54552
8325
54610
54615
54628
54579
54663
54638
56372
54718
14243
55880
54642
54662
54726
54655
54685
54620
54683
55281
54659
54584
54792
55792
54748
55777
54623
11403
54646
54730
7764
2545
14355
54680
54723
12561
54713
42396
14228
54656
54780
54640
54696
54745
53027
29468
9645
54802
54739
54760
42114
10743
55228
7460
54721
15916
10419
54720
55304
54738
10421
10416
11270
54753
54734
56294
54717
54743
55257
54762
54737
54750
54702
54752
54731
54804
54828
54733
11480
54754
54939
54786
54859
54884
54031
3771
55129
54830
54789
12461
54781
54778
54867
54790
54763
54732
54813
55193
54785
54761
54736
54808
56354
55273
56362
44293
54797
54756
54800
54923
54779
9239
54769
54796
54805
54820
54773
54809
54764
12702
54777
54771
54798
54788
55672
54855
54878
54857
5856
54839
1167
54868
54816
55172
55040
55158
54920
54803
15307
54826
54812
54929
54880
54829
54964
54848
54853
11324
10492
10467
10462
53372
54967
54931
54851
55033
54872
54844
54825
54846
55361
54892
29637
54850
54152
54837
54944
54841
26032
53998
55026
54941
29964
55063
54876
54912
54976
54901
54845
54875
26024
54854
56124
54963
30875
44718
55985
54959
54888
54883
55537
13960
54897
54918
54881
55001
13771
55109
54936
55035
54879
29669
54569
54995
54975
54973
54907
55876
10486
20378
54934
17932
54955
55104
10504
54940
54971
55057
54958
55973
47864
56119
55200
56338
55024
55177
55313
54980
55066
54968
55062
54946
55236
54998
56105
55883
54987
55030
15158
54960
48770
15905
54996
54984
55865
54992
54979
54953
55037
11101
10544
10545
53126
55355
55034
55108
9237
10561
55089
28858
55106
10563
36363
10581
10575
55337
55025
55029
55060
10817
55013
56587
11138
41460
56106
55097
55050
55059
55070
55058
55098
55085
55020
55008
55075
55119
43861
55126
55023
10579
10512
55111
56280
56031
55000
55123
56515
55006
55910
56962
55760
55594
55105
55051
55042
55318
55110
54616
55095
55504
56713
55141
55054
55227
55084
55113
55124
52369
16094
41163
55114
31854
56236
55088
55115
55099
55218
28929
55909
55135
55381
55133
55171
14722
55143
10604
53696
55794
10634
10642
16636
56190
12195
54933
55155
26020
53254
10651
55577
55317
55208
10669
43014
55322
55163
677
55162
55181
55175
55167
55195
55274
12038
13747
55157
55290
44913
55165
56170
10691
10684
55182
44702
55184
56408
55191
55353
55170
55188
10724
55241
55220
55292
26087
55202
55897
55749
55280
55538
52278
55214
55242
55206
54719
10758
55342
26113
55287
46418
55229
55279
55231
55289
55403
55343
29780
11801
55240
55238
55222
56016
55230
55205
55226
55702
55224
55235
55252
28947
56419
28924
55268
10805
55374
55291
55270
55253
13159
10815
29231
10826
55276
55259
30453
55319
55547
37664
10855
10867
15276
29005
29009
10877
10876
55326
10878
55321
55284
55424
55288
55339
10899
55250
29028
55302
10916
55327
55328
10924
2075
10937
40197
55298
55311
55366
55347
10962
10959
10961
14059
55248
55297
54276
10905
29031
46874
55619
55365
55315
10979
10989
13950
10993
10996
10995
11003
10954
11001
11005
55379
34987
29052
11018
23285
11023
7902
55333
11042
11052
54407
11050
29067
11083
11092
11096
54515
56151
55345
11029
11099
12361
11056
11103
11106
55295
11111
13657
11112
11116
14783
55402
11123
55370
54793
55377
55371
55348
29106
11146
55359
56859
55543
55404
11157
55400
55341
11161
32110
55335
11176
54089
11186
29347
11204
11206
29327
45301
56166
11225
29335
11235
11238
11245
11257
4589
11248
11250
11253
11276
11282
11281
11283
11287
45886
11300
55386
11316
11304
55460
55396
11329
55362
11335
11344
55286
29438
11361
29432
29434
11383
53241
54194
53113
29455
11415
55389
11435
11432
55391
11439
11440
11446
29540
56540
55399
55351
11454
11455
11469
11470
11479
11473
11482
14781
55384
11506
11508
11522
29489
29494
55556
29493
11537
12400
11547
11542
29506
56157
11558
11561
11559
55393
11568
11100
11576
55363
44272
14525
55394
11591
11592
11600
55431
17469
11606
55482
16476
11617
55466
11621
56641
11655
11657
52845
29554
11660
29553
11679
29565
11697
11705
11706
56332
11709
11713
11401
29577
55429
11649
30379
11724
36555
11764
29610
11779
11778
52532
55580
29602
55468
55452
11789
29710
8586
11795
11802
11807
11806
29709
29717
11832
11830
13041
50600
11857
11856
11862
14804
11865
11871
11879
11901
11841
50323
41388
55484
55456
55463
55551
55677
55410
55417
55408
55454
55421
55542
55847
56907
55508
55476
56300
55462
55451
12654
55479
54784
55491
55490
55529
55480
55477
56790
56148
55548
55474
55486
55487
55566
55426
55708
55471
56607
54997
55469
55856
55509
55517
55907
13536
56895
43851
55488
55585
55540
55493
55496
55821
55784
55549
55583
55562
55924
55697
11961
55495
54678
55526
14867
55700
55573
55586
16357
55513
55569
55625
10831
55527
55588
55521
55572
55530
11908
11905
55592
55595
55555
54714
56915
55557
55568
55571
11923
56331
56665
56146
55570
55589
55560
55715
55606
54913
56029
55591
55601
55689
55711
55841
55623
55593
55806
55807
55608
56099
55627
55775
55614
55587
55718
55624
55617
56542
55670
55673
55628
55761
55069
55744
55667
55785
51819
55668
11913
16506
11922
11934
29753
11936
11937
29768
11946
55686
55685
11952
55450
11958
11959
11960
56578
55705
55692
29758
55701
11981
55696
29794
55704
12000
20950
12009
12011
10299
12014
12015
53335
55691
12025
12027
55982
12036
55344
55694
12053
12058
29796
55684
44633
55747
55755
55754
55824
55748
12074
29807
12083
12086
29745
13713
29805
12097
29819
20060
39140
12108
12119
29863
12044
12127
12133
12139
12142
12148
12147
12165
54426
29844
29848
29866
29867
46992
29870
55827
55752
55750
55893
12178
34913
11486
11544
12032
12185
12194
12197
55746
55783
29883
29896
12214
13517
12223
12221
55716
12234
56971
12240
55745
12261
21414
12289
12291
29911
29935
55816
29969
12335
12332
12339
12347
55805
14111
29940
29936
12346
38463
29951
12378
12375
55428
3737
55778
13414
12204
12390
33864
12523
52525
12412
12415
56438
16274
12434
30005
29956
12452
12462
12467
12470
12478
55836
29992
55984
12484
55762
52284
12482
7882
12495
30004
12500
12503
12507
29993
12516
30011
12525
12530
30033
12541
12539
12546
12557
55930
12553
12567
12564
55822
30836
12577
55884
12848
12574
12583
55225
30051
55688
12608
12618
12627
12624
12639
30087
56169
12669
30086
30070
55938
12694
12706
15434
12721
53825
55915
55919
12740
55842
55992
55832
55890
55887
12780
12569
12783
12793
35272
55831
30104
55078
55864
13433
55911
55852
54228
12828
12835
12843
55853
56100
12846
12854
30260
12859
12863
12867
30249
30251
55859
30929
55851
12895
21913
55857
12902
53882
30362
12908
30345
12917
12924
12926
12933
55835
12938
12951
12952
53423
30369
32135
54861
55858
12981
12746
12865
30381
12994
13001
30378
55886
13011
55867
15446
13008
55928
13019
13036
55879
12930
30396
14318
13087
13092
55861
13094
3021
13110
13115
13114
55863
56237
13125
56210
30421
30427
54899
13136
30430
30423
55901
13180
13187
55895
55874
32130
30446
51103
13210
30438
13225
55961
5630
13240
13239
55882
13252
13253
13269
13276
55900
30458
13294
13300
55869
13304
13302
30474
13327
13338
55899
30420
13369
30500
13384
13396
13394
53620
13398
13402
13407
17506
55833
13413
55903
13422
30513
55908
55904
55906
55918
55912
55942
55943
55963
13449
13273
55958
55956
55940
55535
13466
13479
45058
30823
13487
43259
30829
13495
13494
55932
46994
55927
55962
13400
16115
55936
56444
13506
55031
55939
56275
41159
55955
56221
13515
56330
55979
15580
50868
30838
56077
13521
55994
13524
55931
13539
55941
13551
56220
13567
44730
12949
56004
56015
13587
13585
13594
55968
13603
55987
13617
55967
13914
55991
20454
55995
55978
13650
13662
45993
13682
13504
13695
17669
56010
56000
13710
13712
56123
55972
55983
56041
55977
56069
56095
13739
56036
30886
55980
13745
13753
32069
56447
55975
55998
55969
56008
55999
55174
37961
56007
56014
20253
55997
56051
56002
56047
56012
56017
54817
56005
55212
55316
56103
56298
46285
14043
56068
56043
56079
56159
56397
56258
56065
55275
56045
56081
55465
56049
56062
56056
56058
55461
56122
56066
56059
56446
56373
56107
56102
56061
51208
56084
56057
56141
56127
56086
56126
56125
56117
56085
56116
56223
56150
56087
56259
56093
56153
56161
56098
56664
56118
56101
56128
56156
56120
56290
56158
56229
56121
56160
54405
56164
56404
56211
56176
56352
55406
56163
56181
56180
56491
56168
56172
56271
56177
56263
56277
56216
43166
56870
56231
56631
56295
56260
56224
56214
56238
56278
56239
52971
55196
56270
56212
56267
56251
56292
54434
56287
55621
56334
56272
56255
56240
55358
55372
3133
56293
56308
56288
56608
56350
56307
56305
56314
56289
56296
56358
56340
56344
56346
55620
56335
56366
56381
56347
56808
56339
56337
56365
56415
56383
56363
56357
56371
56378
56353
56375
54304
56376
56374
56367
56837
56416
56361
56359
56370
56355
56617
56429
56427
13346
56423
56421
56517
56401
56390
56402
56410
56481
56413
56395
56411
56403
56396
56392
21623
56399
56428
56445
56430
56422
56405
56451
56420
56465
56459
56393
56394
56463
56440
56442
56453
56452
56466
56610
56437
56449
56483
56775
56462
56441
56475
56473
56454
56497
56592
56958
56474
56457
56529
56613
56509
56482
55849
56500
56498
9014
56588
56487
56627
9465
56526
56520
56504
56042
56011
56513
56537
56501
56539
56485
56528
56531
56499
56514
56651
56523
56533
56534
56604
56563
56516
53422
56532
56511
56568
56536
56650
56561
56518
56571
56569
56706
56573
56535
56564
56562
56609
55850
56572
56581
56802
56546
56630
56556
56585
56591
56611
55889
55888
56576
56629
56590
55565
56668
56932
56715
56768
56574
54381
56734
55742
56649
56060
56633
56628
55675
56647
56658
56707
56656
56632
56626
56139
56662
56653
56709
37171
56667
56674
56619
55743
56657
56679
56673
56711
56683
56822
56687
56827
56834
56230
55458
56262
56708
56666
56693
56712
54969
56703
56691
56704
56702
56763
56720
56697
56698
56758
56716
42936
56757
56721
56719
56751
56735
56748
56733
56762
56747
56754
56737
56753
56722
56743
56718
56723
56796
56766
55981
56785
56798
56801
56787
56797
56789
56791
56786
56795
56799
56794
56869
44887
55489
56234
56975
55534
56792
56831
56828
56821
56804
56805
56814
56824
56939
56811
56863
56919
56860
56892
55169
56400
56040
56875
14905
56861
56090
56894
56893
56872
56874
56922
56967
56877
56876
56923
12005
56924
56890
56873
56878
56910
56905
56978
56897
55148
56908
56917
56916
56912
56947
56944
56957
56940
56927
56955
56926
56082
56597
56097
56269
56925
56982
56192
56980
56425
13783
55671
13758
13759
30911
47449
13776
13790
30898
13796
30909
13799
45432
13801
55082
30897
13810
13827
30913
40193
13840
13845
30922
13843
14801
13849
13852
13856
30928
13966
13880
13876
13889
30093
30094
13913
13912
13915
30940
13927
45703
13938
13943
30932
13945
13948
15982
30943
13971
13978
13979
13991
13988
30953
14013
14014
30970
30972
14029
14031
14025
31700
30958
30963
14049
14048
14046
30977
30975
14091
14092
14098
14097
34625
31205
14124
14143
31196
14138
31208
31190
14157
31194
14161
14152
14175
50690
14179
31389
14191
14201
14205
44055
14232
31377
31388
14237
31386
41860
15863
14249
14250
13987
14258
31574
14283
14293
14305
15094
14310
14203
34783
15684
40217
14332
14335
14352
16113
37130
15833
15490
46694
14377
14374
14381
36564
52001
14385
14387
31907
1810
14394
14393
23373
14306
14398
14399
43796
14330
14427
14442
14457
53584
14470
14033
31583
14479
14480
14093
14487
54553
14494
14498
14499
14500
55563
16110
14515
13733
14518
14521
31623
50000
15152
14531
14527
14535
14548
42932
4293
14589
14568
14572
14582
14602
14627
14633
31647
14648
14659
14675
14549
14497
14681
53374
16107
14620
14705
14710
14712
31655
14715
33945
14744
14740
14737
14758
14762
31665
44621
14763
14772
31661
14778
14776
14775
31657
14784
44995
14795
31689
14828
14830
50024
14838
46675
14858
14859
14863
14873
31710
14882
14889
14888
14910
14915
14925
14923
14926
14927
14931
31714
37505
14957
14958
31726
39134
14969
22200
37931
14977
31749
14991
15014
41265
31764
31755
43261
15025
15031
15037
15385
50484
31780
14845
15073
31779
31769
31768
15097
15098
53248
15100
15108
15061
15114
15120
15147
15146
16908
31802
15171
15177
15190
31796
15199
15217
15236
31838
15228
15243
15587
15247
53285
15259
15568
41564
15267
737
15285
15279
31890
15293
31899
15295
15306
15314
31912
31933
15323
15321
16436
15339
20453
43519
15389
15388
42525
15401
46990
31944
15376
55510
31896
15370
15423
15313
15436
15374
15441
31946
15451
15454
31979
15471
15473
52117
16084
15481
42912
15483
15494
31965
15506
15507
32009
32004
15529
31991
15534
16075
15547
31994
15563
32035
52690
15560
15562
15561
15567
17202
41698
15589
43158
32025
15596
32039
15597
15601
15608
15610
15612
41815
15632
16035
53469
16470
15642
15641
15812
54297
15652
15658
32062
15673
15678
56306
15909
44608
15686
15191
15192
15687
32092
44816
32093
52986
15692
15697
36611
37941
15708
32091
15709
42541
15715
32090
47220
15714
32101
15745
32098
15751
32122
34701
15739
15758
32132
15761
32099
32108
53997
35205
37741
15783
15782
15786
32145
32111
32102
32117
15800
32158
52970
15819
32164
15826
38430
32159
34666
32136
15841
15846
15843
15849
32169
53358
32153
15858
15802
15926
16396
32174
15890
32191
15900
32183
52002
52662
15993
53116
47022
16311
53883
53424
15933
17451
52950
15914
15918
15921
32185
34665
34622
37177
16384
43502
34627
56701
34641
15928
15940
34633
15934
15939
54827
53664
34660
15974
15969
16572
16037
46667
15989
37136
15994
15995
37750
34707
34680
34672
16011
16015
16020
37195
34949
34765
55581
56767
53656
36379
15412
54313
36756
34770
56495
50014
16578
56960
56034
16026
47004
16029
45863
55103
36760
17667
1545
50845
37514
16028
52694
53877
55053
55427
51636
56021
17665
56458
17664
46887
15734
54670
53523
41007
55795
16071
38385
51427
53123
53939
41178
41393
48774
53608
53078
17922
16032
55481
34715
46284
34728
16055
34846
18304
54567
16065
16066
16070
53064
16080
10302
46112
34753
16101
34751
16108
16109
34746
16119
16123
53167
16121
16755
34772
56091
16130
34788
37716
16166
16145
34782
16144
16148
16149
42549
36964
17399
34769
53338
54409
16158
17183
53141
16167
16171
16169
54265
34808
16649
16177
16232
17862
54938
34803
16182
16188
45295
34775
34838
37522
43845
55935
16222
34843
53155
34829
16415
34857
16228
16258
16704
16662
16268
56297
55303
52687
54682
16285
35048
36953
46861
34880
41979
53257
55798
37905
16316
34897
16302
43722
16310
34941
16313
16319
34920
50841
53561
17489
16332
16347
16353
56053
46270
46555
45168
16365
16640
16367
16368
46273
17295
16374
34979
16382
55021
34964
34977
16402
16398
34988
53927
16410
34992
2572
16421
16556
46272
35017
41385
36610
35010
16449
16455
16454
35037
16457
16464
16463
16466
35029
16475
16488
16490
16492
35026
7585
16512
16518
52785
37530
35057
16526
16532
35061
46987
16544
16549
16560
16557
42397
16561
35167
31634
16581
16567
37737
16584
16587
16597
16599
16606
16612
16609
16614
16628
16622
16644
16641
16631
16619
16647
35192
16650
16665
16687
43253
51097
16668
16664
53016
16691
35177
16678
44492
35220
16695
16702
37185
53681
16706
16758
16779
46107
16863
11516
35275
44390
54315
17128
17135
36355
17185
17176
17164
36336
53375
17315
36337
17207
17523
17208
17163
17201
36338
17205
17210
17211
17213
17216
45559
17937
17300
44914
17298
17303
54278
17317
43709
36373
52700
55219
17314
17322
17323
47013
17334
17346
17343
7317
17387
36364
17395
17403
17473
36380
17476
17480
17484
17491
17502
17505
17524
53826
17906
23511
17917
56660
17936
17948
17970
17967
18009
55838
18348
18406
53066
18455
18454
36952
36954
18701
40998
18709
37923
37148
53402
37161
37138
37958
36957
37167
37168
37188
37154
37175
37739
37189
52527
37193
37176
37524
925
37523
43688
38432
37528
37496
37726
37718
16245
37682
54457
37727
50724
53976
46159
50015
37747
44380
37660
37672
37731
37659
37721
42909
37707
37715
37666
37730
37745
37932
37913
56071
37957
37952
37915
37956
38389
37917
42918
37919
37938
38468
38412
38439
38402
38406
38415
38425
38443
38399
38455
38438
38459
38419
38409
38405
38434
43147
5860
51091
39130
20610
55027
39177
40199
39160
39154
39159
43010
39150
40194
40216
40143
50865
54113
43910
40989
43692
53251
54772
40991
40996
53201
41157
41702
41062
41456
41154
41059
41391
41060
44885
45190
41168
41272
41263
41259
52977
41271
41704
53308
41580
55925
41257
52405
42651
41680
41980
41464
42524
41871
41822
53686
41584
41577
54865
45857
41562
41671
41694
41703
56179
42542
52931
53190
42265
42007
41813
41820
37504
55100
42400
41870
42915
37720
42547
45186
41975
43250
42273
42775
45297
44490
42430
53367
42540
42285
46430
42402
42401
42395
43144
42403
53342
42784
42517
42533
45081
44994
50954
537
44803
44123
53806
42769
42785
43149
43015
43633
42997
42910
49991
53634
42935
44628
43145
43326
43260
43140
43146
53373
52247
43327
52663
43249
51552
53207
50481
51645
44115
43328
54832
43691
43332
53712
50727
43159
43791
43281
44625
43620
46282
55397
53237
48775
43449
45477
44695
43340
54822
43626
43686
44396
54027
46037
44977
44506
43857
44292
43690
43508
43631
43520
44709
55914
56557
43632
43807
43781
45536
43689
45865
44056
52886
50731
53542
44184
44073
43976
44193
53158
43983
44059
55022
44176
53439
54514
45180
44289
44290
44503
55412
53486
44714
46701
44379
54088
44613
44497
44276
44600
44716
44493
44717
44265
50589
44632
53212
44631
44612
44623
44699
44696
45708
44619
50290
44727
44726
46022
44892
44893
44705
44884
44712
55954
44683
44630
56488
46033
54181
54472
44998
45288
44689
45077
45287
46671
44812
45174
45082
44891
45203
45878
45679
45059
53203
45566
45379
51993
53835
50700
45430
45697
45541
45483
45425
46102
46692
45488
45732
45431
54858
45556
45469
45428
45692
46855
54379
45478
45696
52871
45555
45293
45728
28836
45475
46669
46668
54484
44999
45718
45005
46106
45436
54621
45879
46283
45380
45871
52799
45705
45684
54538
46883
56364
45464
45680
46150
46009
45998
46026
46016
46168
46024
46025
46281
46862
46444
46844
45709
45725
45729
45716
46146
46002
47009
45695
55350
47000
52918
46091
45869
54332
46162
46287
53455
46149
46169
46689
56838
46156
46857
46145
51308
54882
46014
46028
46687
46441
47447
52273
46098
48768
55154
46566
53628
49994
46559
51559
46860
41819
48792
54895
53975
50319
46697
46846
51334
46997
46691
46432
46443
50314
46685
46868
16147
52960
48793
50853
55756
46858
46996
47428
46849
54577
54448
53535
51647
46878
47203
47217
46890
47211
55149
47018
53015
47429
47183
54576
55146
47210
46889
52991
51304
47451
47214
54050
46853
46989
52285
47212
47883
47011
53095
48802
54112
47880
47887
56301
48773
50692
54100
55137
51433
47179
54600
47200
47444
47216
48766
50855
50861
52299
48786
48787
53073
47422
56705
54142
50293
48778
48779
47878
51338
51798
51213
47872
47877
51418
50614
50202
50018
53390
49995
48776
55354
56468
48784
54782
50979
53054
51543
50309
50695
50034
52136
53417
15135
49992
50028
52888
50006
50016
49999
51320
52763
50195
50199
51790
51652
50184
50201
15354
55215
50305
41673
54440
50594
50297
52379
53301
50465
50311
50729
50591
50601
53354
55453
50950
55178
50968
50701
51408
50471
50854
50706
50694
51538
50864
50969
50870
50733
54566
54149
54633
55826
50609
5761
12054
54063
54428
54408
54151
54507
54333
54898
53972
54021
54064
54084
54914
55920
54580
54467
54222
54025
54022
4547
54352
53980
10550
54048
56030
54207
54167
54157
54109
54065
54218
54162
54037
54139
54044
54146
54057
54744
54071
50961
54208
50867
51198
50737
50862
51317
54436
50735
53843
53214
51092
9430
51209
51426
53506
53306
51306
51311
50876
53613
50830
53421
50964
51110
51205
52907
53063
51099
50965
51094
51454
51200
51547
52292
54069
50860
53310
50976
53925
51196
53346
51957
51207
56171
51326
51096
53023
52704
51447
51660
51451
53483
52305
51816
51448
37929
51340
51457
51459
44990
53076
51321
51822
53378
51568
51555
51442
51567
51443
52874
51440
51421
51452
52366
51437
52969
52697
54668
51545
51529
51546
51565
51792
51557
51551
52287
54791
51659
51651
51810
52868
54272
51811
51998
51949
51635
51815
51807
54331
51802
51803
52295
52134
51821
52946
51966
52142
52371
51992
56685
54542
52139
53303
51977
52000
52847
51963
51962
53479
52380
52293
51969
54651
52678
51987
52388
52115
52251
52303
54886
56050
52140
52947
52301
52809
52268
52376
52418
52377
52389
53411
52378
55544
52396
52248
53183
52281
52667
51428
37135
54665
52391
12287
53280
52408
52536
52404
52381
52370
52386
17929
52677
52669
52524
52684
53062
52549
52520
52550
55478
54006
53293
54727
52708
52547
52681
55369
52670
52673
52705
52707
53198
54159
3984
54378
53478
53156
52762
53284
53025
55511
52764
52748
44117
52840
53576
52778
52807
52773
52821
47180
52786
52793
56645
52818
55038
52811
52788
52782
53575
52854
52855
52856
52858
52839
52843
54284
52863
52859
52837
52825
52867
52852
52826
55788
52749
52896
53674
52889
52898
53879
55423
52884
54441
52892
56083
52895
52915
52885
52887
52942
54169
53139
52941
52924
52920
50869
53028
52985
52967
56274
56089
52983
53008
53445
52968
8186
52978
53391
52975
53994
53585
53152
56550
54606
53059
53463
53017
53000
54951
53677
53389
52993
53021
53247
53060
54041
55197
53106
53026
53020
53029
53870
53006
53098
53033
53168
53234
53042
53037
55251
56055
53386
12499
53077
53050
54014
53864
54198
53413
53071
53270
53217
53082
53256
53652
53186
53196
53085
54965
53137
54166
53097
16666
50489
53096
53627
53823
53388
54147
53108
53989
55278
53132
53774
15638
56489
53166
53281
32075
13934
53224
54326
53160
54080
10181
53355
53227
53187
53242
53182
54369
53179
53277
53266
53286
53200
53194
55790
53329
53612
56003
53300
53252
54619
53208
53205
10759
53403
52958
53244
11758
56303
52850
53339
53250
53238
53261
53282
52838
52831
53304
53344
53396
53393
55398
53365
53520
53353
53512
53361
53357
53399
53366
56265
37508
56807
53401
53428
53394
55176
54564
53425
53332
53368
40995
53688
53347
53405
53427
53349
53350
10895
53406
56700
53364
53462
53438
53770
53447
53474
53419
53633
53359
53466
53461
54722
53387
53269
53679
53376
53395
53610
53668
53510
53494
53400
53701
53467
53497
53415
54059
53407
55512
53453
53437
53819
53557
53545
53490
53454
53443
53500
53472
53689
53546
53456
53635
55299
53493
377
53717
53714
53846
53622
16127
54361
53629
53670
53666
53544
53577
53488
53607
53621
53645
53639
53755
55866
29931
53776
53710
53702
54269
53649
53568
53556
53539
53647
55232
53682
53550
53673
53632
55844
54684
53936
53704
53973
53706
54087
55545
53767
53638
54328
53654
53769
53705
53653
53779
53640
53697
53763
53759
54366
53703
53678
53753
53683
53803
54612
53836
53881
53720
54053
53723
54666
53721
53727
53824
54725
54363
53842
54990
53810
53724
53853
53844
55244
53780
56273
53947
54323
54001
54418
53773
55567
54013
55523
53932
55574
53816
54026
53901
53821
54908
54927
54077
53965
53847
54028
53985
55996
14066
54106
53977
53988
53983
53938
54592
54018
54029
54299
54141
53961
53987
54061
53992
53941
53876
54673
53945
54155
54082
53896
54035
55047
53922
56774
55373
8839
53970
55411
53892
54516
54180
53923
53929
53978
54273
55993
53962
54043
53931
54291
54020
53958
54004
54604
53948
53964
54161
43681
53489
46439
55019
16301
53698
55796
53949
47442
55245
55618
43784
53125
43687
46110
49997
54303
55929
52138
55712
45270
55107
45417
55603
55898
45191
45197
45192
45176
52875
45305
45004
45283
45384
52302
51445
46670
45467
45078
45471
46276
54204
55164
54003
52416
55699
5730
53385
54819
54711
55834
53726
51093
54755
54643
14266
53398
54742
53573
56820
54644
54413
53694
56784
54488
53713
55467
55395
53531
54547
55622
53928
32014
42008
54703
54677
54641
54852
55515
55804
56817
56329
56407
56612
56541
56643
54835
13099